('D = ', [0.053529545405294664, 0.3532778332300517, 0.02565579611337958, -0.04127488682464868, 0.0])
('K = ', [1965.1987599223714, 0.0, 162.1142583645783, 0.0, 1968.8870338316324, 393.7339989757747, 0.0, 0.0, 1.0])
('R = ', [1.0, 0.0, 0.0, 0.0, 1.0, 0.0, 0.0, 0.0, 1.0])
('P = ', [1940.7916259765625, 0.0, 156.39515610002036, 0.0, 0.0, 1967.11376953125, 395.90123023825436, 0.0, 0.0, 0.0, 1.0, 0.0])
None
# oST version 5.0 parameters


[image]

width
640

height
480

[narrow_stereo]

camera matrix
1965.198760 0.000000 162.114258
0.000000 1968.887034 393.733999
0.000000 0.000000 1.000000

distortion
0.053530 0.353278 0.025656 -0.041275 0.000000

rectification
1.000000 0.000000 0.000000
0.000000 1.000000 0.000000
0.000000 0.000000 1.000000

projection
1940.791626 0.000000 156.395156 0.000000
0.000000 1967.113770 395.901230 0.000000
0.000000 0.000000 1.000000 0.000000


('Wrote calibration data to', '/tmp/calibrationdata.tar.gz')
('Wrote calibration data to', '/tmp/calibrationdata.tar.gz')
('D = ', [0.053529545405294664, 0.3532778332300517, 0.02565579611337958, -0.04127488682464868, 0.0])
('K = ', [1965.1987599223714, 0.0, 162.1142583645783, 0.0, 1968.8870338316324, 393.7339989757747, 0.0, 0.0, 1.0])
('R = ', [1.0, 0.0, 0.0, 0.0, 1.0, 0.0, 0.0, 0.0, 1.0])
('P = ', [1940.7916259765625, 0.0, 156.39515610002036, 0.0, 0.0, 1967.11376953125, 395.90123023825436, 0.0, 0.0, 0.0, 1.0, 0.0])
# oST version 5.0 parameters


[image]

width
640

height
480

[narrow_stereo]

camera matrix
1965.198760 0.000000 162.114258
0.000000 1968.887034 393.733999
0.000000 0.000000 1.000000

distortion
0.053530 0.353278 0.025656 -0.041275 0.000000

rectification
1.000000 0.000000 0.000000
0.000000 1.000000 0.000000
0.000000 0.000000 1.000000

projection
1940.791626 0.000000 156.395156 0.000000
0.000000 1967.113770 395.901230 0.000000
0.000000 0.000000 1.000000 0.000000
